1.82825e-05
1.95062e-05
2.12523e-05
2.01016e-05
1.87921e-05
1.83381e-05
2.04025e-05
1.95453e-05
2.02329e-05
2.16406e-05
2.02336e-05
1.94127e-05
1.79128e-05
1.89364e-05
2.02634e-05
1.92696e-05
1.86506e-05
1.92729e-05
2.05311e-05
1.89638e-05
1.76958e-05
1.76495e-05
1.89268e-05
2.01977e-05
1.93956e-05
1.88176e-05
1.75735e-05
1.81521e-05
1.91591e-05
1.88769e-05
1.74505e-05
1.80007e-05
1.93173e-05
1.80708e-05
1.85549e-05
1.96344e-05
2.04403e-05
1.87719e-05
1.84588e-05
1.99364e-05
1.78815e-05
1.91359e-05
1.97605e-05
1.92078e-05
2.18266e-05
1.85285e-05
1.81675e-05
1.84139e-05
1.81547e-05
1.90932e-05
1.83968e-05
1.7492e-05
2.03268e-05
1.95836e-05
1.76695e-05
1.91171e-05
1.91937e-05
2.02974e-05
1.99346e-05
1.81965e-05
1.81208e-05
1.99741e-05
1.83406e-05
1.91406e-05
1.96991e-05
1.92238e-05
1.90459e-05
1.85236e-05
2.02044e-05
1.94772e-05
1.99618e-05
1.86284e-05
1.91061e-05
1.91495e-05
1.83502e-05
2.07947e-05
1.99999e-05
1.9117e-05
1.77897e-05
1.9518e-05
1.9545e-05
2.04184e-05
2.0224e-05
1.9937e-05
1.81115e-05
1.8925e-05
1.91777e-05
2.17347e-05
1.87571e-05
2.05091e-05
1.93335e-05
1.88401e-05
1.83009e-05
1.845e-05
1.86598e-05
2.05131e-05
1.88365e-05
1.98363e-05
2.04824e-05
