2.5893e-05
2.08501e-05
2.23363e-05
1.80715e-05
2.18079e-05
2.20592e-05
2.14027e-05
1.99159e-05
2.20302e-05
2.16297e-05
2.29955e-05
2.14428e-05
2.2404e-05
2.15051e-05
2.1008e-05
1.99313e-05
1.97454e-05
1.8908e-05
1.93174e-05
2.01873e-05
1.89509e-05
1.93876e-05
1.92259e-05
2.11429e-05
1.92714e-05
2.08716e-05
2.06276e-05
2.04733e-05
2.18999e-05
1.94117e-05
2.03103e-05
1.99783e-05
1.96012e-05
2.04683e-05
1.95233e-05
1.98131e-05
1.94651e-05
2.14406e-05
2.0664e-05
2.17279e-05
1.96005e-05
1.84808e-05
1.99083e-05
1.95481e-05
2.02749e-05
1.89953e-05
2.05423e-05
2.0018e-05
2.04678e-05
2.01598e-05
2.48885e-05
1.99399e-05
1.84411e-05
1.88181e-05
2.11245e-05
2.02091e-05
1.90093e-05
2.0497e-05
1.95318e-05
1.82887e-05
1.90833e-05
2.08007e-05
2.12235e-05
1.93676e-05
1.96926e-05
1.98762e-05
2.27176e-05
1.91445e-05
2.02771e-05
2.05683e-05
2.18764e-05
1.94783e-05
2.04538e-05
1.93906e-05
2.1649e-05
2.02538e-05
1.9494e-05
1.87911e-05
2.07821e-05
2.02122e-05
2.27208e-05
1.98295e-05
2.30833e-05
1.92552e-05
2.05249e-05
2.27257e-05
2.15821e-05
2.19442e-05
1.99239e-05
2.09763e-05
2.01258e-05
2.2607e-05
2.00522e-05
2.07043e-05
2.0637e-05
1.96935e-05
2.00872e-05
2.01834e-05
2.02779e-05
1.99013e-05
1.87115e-05
1.92229e-05
2.05559e-05
2.09107e-05
1.87432e-05
2.07784e-05
2.02362e-05
1.95127e-05
2.09654e-05
2.10356e-05
2.02782e-05
2.21378e-05
2.11174e-05
2.02825e-05
2.03964e-05
1.98617e-05
2.32358e-05
2.46866e-05
2.41022e-05
2.36166e-05
2.07075e-05
1.87746e-05
2.06389e-05
2.06055e-05
2.0987e-05
2.37274e-05
2.22292e-05
2.02073e-05
2.04777e-05
1.8874e-05
1.90149e-05
1.90956e-05
2.08534e-05
2.14938e-05
2.09578e-05
2.09965e-05
2.05486e-05
2.09626e-05
1.97895e-05
2.16382e-05
2.08091e-05
2.29121e-05
2.00965e-05
