0.000198492
0.000162394
0.000168636
0.000149866
0.000160323
0.000162693
0.000158835
0.000155062
0.000159669
0.000160939
0.000167495
0.000159687
0.000159004
0.000160324
0.000159314
0.000155228
0.000152598
0.000151776
0.000150539
0.000155171
0.000152376
0.00015115
0.000151786
0.000157918
0.000151291
0.000160255
0.000152124
0.000159269
0.000160853
0.000150887
0.000153306
0.000151799
0.000155146
0.000153769
0.000151583
0.000152898
0.000150535
0.000152566
0.000157845
0.000158557
0.000152223
0.000158046
0.000152579
0.000154147
0.000153703
0.000153058
0.000160081
0.000155943
0.000153811
0.00015916
0.000182783
0.000154495
0.000148723
0.000151659
0.00016651
0.000158812
0.000150506
0.000155092
0.000153213
0.000147185
0.000154533
0.000156372
0.000163021
0.000157454
0.000155886
0.000151252
0.000167677
0.000154353
0.000155922
0.00015678
0.00016234
0.000155813
0.000157469
0.000154224
0.000161117
0.000154136
0.000155486
0.000155375
0.000159408
0.000159124
0.000159356
0.00015395
0.000163817
0.000152436
0.000159288
0.000160289
0.000156025
0.000157083
0.000156891
0.000159145
0.000156729
0.00016347
0.000157334
0.000160877
0.00015822
0.000159848
0.000158329
0.00015452
0.000156297
0.000156495
0.000154024
0.00015323
0.000160316
0.000158679
0.000156468
0.000159266
0.000160067
0.000160143
0.000160325
0.000161031
0.000157594
0.000171759
0.000157377
0.000159562
0.000157361
0.000159423
0.000178959
0.00017961
0.000179535
0.000175223
0.000157447
0.000152575
0.000155735
0.0001585
0.000160993
0.000166502
0.000156797
0.00015398
0.000156683
0.000155126
0.000152761
0.00015418
0.00015485
0.000161714
0.000154938
0.000158966
0.00015684
0.000156163
0.000154029
0.000162953
0.000157668
0.000163099
0.000155055
